.bezpieczenstwo
143891
143892
143916
143921
143959
143984
143994
143996
144001
144002
144010
144036
144038
144044
144045
144092
144102
144106
144120
144136
144138
144154
144161
144165
144168
144171
144174
144185
144199
144209
144210
144247
144249
144252
144256
144275
144318
144327
144334
144347
144353
144357
144364
144368
144380
144383
144387
144411
144414
144417
144420
144424
144426
144434
144450
144457
144458
144461
144466
144470
144472
144473
144475
144488
144504
144506
144514
144520
144521
144537
144538
144542
144555
144560
144561
144567
144568
144569
144572
144575
144578
144579
144582
144583
144590
144599
144615
144638
144641
144644
144645
144717
144732
144737
144747
144748
144753
144755
144774
144793
144810
144814
144816
144823
144828
144836
144843
144844
144851
144856
144865
144866
144867
144872
144877
144890
144899
144905
144923
144936
144951
144955
144963
144969
144972
144976
145004
145021
145024
145031
145033
145042
145057
145062
145102
145113
145118
145134
145146
145151
145153
145155
145158
145166
145182
145198
145210
145215
145234
145243
145247
145257
145263
145270
145278
145285
145287
145289
145293
145297
145304
145313
145322
145333
145337
145381
145383
marker
